51805
50700
50632
50342
49882
47429
41993
32526
42304
49413
50544
49570
49614
49579
49901
49260
49471
48576
43513
33176
43569
49869
50959
49806
50424
49183
47729
44699
45261
43971
38566
29868
38799
43951
45335
44081
44718
43475
43882
42666
42629
40867
35863
27079
36387
41001
41780
40280
41370
40037
40633
39141
40222
38807
34476
26882
34286
39118
40839
39081
39670
38449
39575
38798
39395
37176
34007
27014
34611
39198
40303
39505
39522
38708
40023
39927
39635
38325
35332
27856
35552
40565
41051
40040
40167
39589
40663
40148
41045
40214
36843
29773
37116
40929
41592
40372
